[[1.0000001192092896, 0.5176702737808228, 0.5248771905899048, 0.44010090827941895, 0.34037718176841736, 0.4858367145061493, 0.3879270553588867, 0.5750084519386292, 0.39224398136138916, 0.43958809971809387, 0.437319278717041, 0.4748712182044983, 0.44573724269866943, 0.37742722034454346, 0.49120187759399414, 0.3527916967868805, 0.34051960706710815, 0.4588784873485565, 0.3225492835044861, 0.4565366804599762, 0.29361093044281006, 0.3488231897354126, 0.3727864623069763, 0.3044232428073883, 0.41217222809791565, 0.4185584485530853, 0.4287305474281311, 0.45704400539398193, 0.39540210366249084, 0.2893173396587372, 0.5388376116752625, 0.4101284146308899], [0.5176702737808228, 1.000000238418579, 0.7045719623565674, 0.8157947063446045, 0.64263916015625, 0.6420110464096069, 0.5476181507110596, 0.42529040575027466, 0.6139029264450073, 0.5787983536720276, 0.679202675819397, 0.6772139072418213, 0.7891874313354492, 0.5967199206352234, 0.5516167879104614, 0.5653248429298401, 0.5954343676567078, 0.7044628858566284, 0.6251031756401062, 0.5709056854248047, 0.40805619955062866, 0.5945743322372437, 0.5827258229255676, 0.5514810085296631, 0.7100305557250977, 0.6031093597412109, 0.6661562919616699, 0.7127232551574707, 0.6440945267677307, 0.577751874923706, 0.777316153049469, 0.709658682346344], [0.5248771905899048, 0.7045719623565674, 1.0000001192092896, 0.562675416469574, 0.5341708660125732, 0.5554018616676331, 0.5506553649902344, 0.3367747664451599, 0.5142858028411865, 0.5339499115943909, 0.6431600451469421, 0.6910499334335327, 0.7210426330566406, 0.5293331146240234, 0.5086700916290283, 0.41960644721984863, 0.511938214302063, 0.6972193717956543, 0.5171279907226562, 0.3479148745536804, 0.4274270534515381, 0.565273106098175, 0.5398396849632263, 0.5318033695220947, 0.6521023511886597, 0.5398494005203247, 0.6626207232475281, 0.5986080765724182, 0.6127561926841736, 0.4864078462123871, 0.6851269006729126, 0.6723806858062744], [0.44010090827941895, 0.8157947063446045, 0.562675416469574, 1.0000003576278687, 0.5901992321014404, 0.6190923452377319, 0.5396450161933899, 0.4404134452342987, 0.60575270652771, 0.5931432843208313, 0.6333727240562439, 0.5475232601165771, 0.7276304960250854, 0.5438117980957031, 0.5367736220359802, 0.5260210633277893, 0.6481845378875732, 0.683022141456604, 0.6000521183013916, 0.5063349008560181, 0.40344011783599854, 0.5363558530807495, 0.4619419574737549, 0.5127211213111877, 0.7196363210678101, 0.5242644548416138, 0.5925121307373047, 0.702633798122406, 0.5984228849411011, 0.5564761757850647, 0.7719932198524475, 0.6881603002548218], [0.34037718176841736, 0.64263916015625, 0.5341708660125732, 0.5901992321014404, 1.0, 0.5159860849380493, 0.4648704528808594, 0.2870652377605438, 0.5037021040916443, 0.4948025643825531, 0.5216453075408936, 0.523536205291748, 0.5875441431999207, 0.42860642075538635, 0.37715262174606323, 0.9113094806671143, 0.5168365836143494, 0.4906783103942871, 0.4152339994907379, 0.36959385871887207, 0.40695852041244507, 0.5034176707267761, 0.5003354549407959, 0.3777187168598175, 0.522068440914154, 0.4199037551879883, 0.5718021392822266, 0.49722927808761597, 0.5692145228385925, 0.47229111194610596, 0.5424732565879822, 0.5412635803222656], [0.4858367145061493, 0.6420110464096069, 0.5554018616676331, 0.6190923452377319, 0.5159860849380493, 0.9999998807907104, 0.5228605270385742, 0.3797530233860016, 0.6186516880989075, 0.6289103031158447, 0.5814396142959595, 0.581019401550293, 0.6409361958503723, 0.5504655241966248, 0.5307751893997192, 0.5004443526268005, 0.6199694871902466, 0.5559380054473877, 0.5628601312637329, 0.4155416190624237, 0.49203425645828247, 0.5332045555114746, 0.4910062551498413, 0.43442100286483765, 0.46484988927841187, 0.47034910321235657, 0.47660836577415466, 0.5873090624809265, 0.44021859765052795, 0.4890623390674591, 0.5202690362930298, 0.5875393152236938], [0.3879270553588867, 0.5476181507110596, 0.5506553649902344, 0.5396450161933899, 0.4648704528808594, 0.5228605270385742, 0.9999997615814209, 0.3377893567085266, 0.5900678634643555, 0.5696107149124146, 0.7210192680358887, 0.6582144498825073, 0.6589933037757874, 0.5691424608230591, 0.5238144993782043, 0.4592454731464386, 0.6129114627838135, 0.6192858815193176, 0.719567060470581, 0.3754490315914154, 0.5737005472183228, 0.4704228639602661, 0.43915027379989624, 0.4420125186443329, 0.47177964448928833, 0.4325166940689087, 0.4404296278953552, 0.5559121370315552, 0.4708332419395447, 0.42121946811676025, 0.5835139155387878, 0.6292926073074341], [0.5750084519386292, 0.42529040575027466, 0.3367747664451599, 0.4404134452342987, 0.2870652377605438, 0.3797530233860016, 0.3377893567085266, 1.0, 0.30783459544181824, 0.4484511613845825, 0.3754690885543823, 0.40042954683303833, 0.41446250677108765, 0.3618216812610626, 0.42515960335731506, 0.30125343799591064, 0.3224227726459503, 0.38380616903305054, 0.3804183304309845, 0.4493921995162964, 0.23153799772262573, 0.29498156905174255, 0.377935528755188, 0.2669941186904907, 0.3682791590690613, 0.47810620069503784, 0.348535418510437, 0.4145348370075226, 0.31347140669822693, 0.37481051683425903, 0.4728902578353882, 0.3225795328617096], [0.39224398136138916, 0.6139029264450073, 0.5142858028411865, 0.60575270652771, 0.5037021040916443, 0.6186516880989075, 0.5900678634643555, 0.30783459544181824, 1.0, 0.602048933506012, 0.5266090035438538, 0.6431556940078735, 0.5824543833732605, 0.589898943901062, 0.5302788615226746, 0.47904711961746216, 0.6608008146286011, 0.5601029992103577, 0.5566607713699341, 0.33541715145111084, 0.38144809007644653, 0.49670448899269104, 0.3455081880092621, 0.4064154624938965, 0.5200731754302979, 0.4724765121936798, 0.4471285343170166, 0.6196002960205078, 0.44216838479042053, 0.4249023199081421, 0.4955909252166748, 0.5704804062843323], [0.43958809971809387, 0.5787983536720276, 0.5339499115943909, 0.5931432843208313, 0.4948025643825531, 0.6289103031158447, 0.5696107149124146, 0.4484511613845825, 0.602048933506012, 1.0, 0.5954355001449585, 0.5716344118118286, 0.6409731507301331, 0.6373540163040161, 0.5758683681488037, 0.48244723677635193, 0.5948519706726074, 0.5674093961715698, 0.605574369430542, 0.3829796314239502, 0.39428552985191345, 0.5278067588806152, 0.4388245940208435, 0.37183332443237305, 0.5013256072998047, 0.4632716178894043, 0.523378849029541, 0.5566474199295044, 0.47955837845802307, 0.4978582262992859, 0.5326293706893921, 0.565997302532196], [0.437319278717041, 0.679202675819397, 0.6431600451469421, 0.6333727240562439, 0.5216453075408936, 0.5814396142959595, 0.7210192680358887, 0.3754690885543823, 0.5266090035438538, 0.5954355001449585, 1.0, 0.6506754755973816, 0.7561050057411194, 0.597474217414856, 0.6044461131095886, 0.48452216386795044, 0.6573446393013, 0.7075686454772949, 0.7599260807037354, 0.4393824338912964, 0.5680464506149292, 0.5944540500640869, 0.4584771990776062, 0.5661919116973877, 0.5990055799484253, 0.5184608697891235, 0.5942738056182861, 0.6170064210891724, 0.5686985850334167, 0.4728056490421295, 0.6941115260124207, 0.7092281579971313], [0.4748712182044983, 0.6772139072418213, 0.6910499334335327, 0.5475232601165771, 0.523536205291748, 0.581019401550293, 0.6582144498825073, 0.40042954683303833, 0.6431556940078735, 0.5716344118118286, 0.6506754755973816, 1.000000238418579, 0.7331023812294006, 0.6304437518119812, 0.5095242857933044, 0.4782119393348694, 0.5302129983901978, 0.6331110000610352, 0.6118064522743225, 0.3800894618034363, 0.4400392770767212, 0.5865112543106079, 0.5282715559005737, 0.4631538391113281, 0.5484187602996826, 0.5170960426330566, 0.5472384095191956, 0.5897890329360962, 0.5279117822647095, 0.5231318473815918, 0.5869617462158203, 0.6299046277999878], [0.44573724269866943, 0.7891874313354492, 0.7210426330566406, 0.7276304960250854, 0.5875441431999207, 0.6409361958503723, 0.6589933037757874, 0.41446250677108765, 0.5824543833732605, 0.6409731507301331, 0.7561050057411194, 0.7331023812294006, 1.0000001192092896, 0.6761864423751831, 0.5946049690246582, 0.4847978949546814, 0.605354905128479, 0.7150202989578247, 0.6905182600021362, 0.388296902179718, 0.467862069606781, 0.6101520657539368, 0.5228719115257263, 0.5715051889419556, 0.7202128171920776, 0.5267547965049744, 0.6164055466651917, 0.6819446086883545, 0.6055654287338257, 0.5352306962013245, 0.6995996832847595, 0.7586467266082764], [0.37742722034454346, 0.5967199206352234, 0.5293331146240234, 0.5438117980957031, 0.42860642075538635, 0.5504655241966248, 0.5691424608230591, 0.3618216812610626, 0.589898943901062, 0.6373540163040161, 0.597474217414856, 0.6304437518119812, 0.6761864423751831, 1.000000238418579, 0.5751732587814331, 0.43948644399642944, 0.523543119430542, 0.6135755777359009, 0.676284909248352, 0.328570693731308, 0.41905540227890015, 0.5123120546340942, 0.4417133927345276, 0.468221515417099, 0.4885551333427429, 0.49063968658447266, 0.4630865454673767, 0.5620869398117065, 0.4444495439529419, 0.48577532172203064, 0.5307173728942871, 0.5642104148864746], [0.49120187759399414, 0.5516167879104614, 0.5086700916290283, 0.5367736220359802, 0.37715262174606323, 0.5307751893997192, 0.5238144993782043, 0.42515960335731506, 0.5302788615226746, 0.5758683681488037, 0.6044461131095886, 0.5095242857933044, 0.5946049690246582, 0.5751732587814331, 0.9999997019767761, 0.34236663579940796, 0.5996001362800598, 0.6067067980766296, 0.5288504362106323, 0.3390215039253235, 0.43360793590545654, 0.451252281665802, 0.3269856870174408, 0.4230177700519562, 0.5343488454818726, 0.3822988271713257, 0.388663649559021, 0.5525092482566833, 0.40839555859565735, 0.3922160267829895, 0.526279091835022, 0.5885618925094604], [0.3527916967868805, 0.5653248429298401, 0.41960644721984863, 0.5260210633277893, 0.9113094806671143, 0.5004443526268005, 0.4592454731464386, 0.30125343799591064, 0.47904711961746216, 0.48244723677635193, 0.48452216386795044, 0.4782119393348694, 0.4847978949546814, 0.43948644399642944, 0.34236663579940796, 0.9999998211860657, 0.4721246361732483, 0.41974109411239624, 0.40771013498306274, 0.4144032597541809, 0.3997670114040375, 0.45619145035743713, 0.44598573446273804, 0.322809100151062, 0.426085501909256, 0.3811471462249756, 0.5059047937393188, 0.4412837028503418, 0.4922609329223633, 0.4291563928127289, 0.4693070352077484, 0.43732452392578125], [0.34051960706710815, 0.5954343676567078, 0.511938214302063, 0.6481845378875732, 0.5168365836143494, 0.6199694871902466, 0.6129114627838135, 0.3224227726459503, 0.6608008146286011, 0.5948519706726074, 0.6573446393013, 0.5302129983901978, 0.605354905128479, 0.523543119430542, 0.5996001362800598, 0.4721246361732483, 1.000000238418579, 0.7290078401565552, 0.5861632823944092, 0.31784558296203613, 0.37326908111572266, 0.4654088020324707, 0.3658674359321594, 0.3929367661476135, 0.5784732103347778, 0.463223934173584, 0.5040234327316284, 0.6054273843765259, 0.5075163245201111, 0.4370148777961731, 0.586387038230896, 0.6501114368438721], [0.4588784873485565, 0.7044628858566284, 0.6972193717956543, 0.683022141456604, 0.4906783103942871, 0.5559380054473877, 0.6192858815193176, 0.38380616903305054, 0.5601029992103577, 0.5674093961715698, 0.7075686454772949, 0.6331110000610352, 0.7150202989578247, 0.6135755777359009, 0.6067067980766296, 0.41974109411239624, 0.7290078401565552, 0.9999998807907104, 0.6180489659309387, 0.41050586104393005, 0.37904977798461914, 0.5670323967933655, 0.448272705078125, 0.5237209796905518, 0.7085855007171631, 0.5612263679504395, 0.5752795934677124, 0.7218701839447021, 0.5501964092254639, 0.4804344177246094, 0.7901870608329773, 0.7630354166030884], [0.3225492835044861, 0.6251031756401062, 0.5171279907226562, 0.6000521183013916, 0.4152339994907379, 0.5628601312637329, 0.719567060470581, 0.3804183304309845, 0.5566607713699341, 0.605574369430542, 0.7599260807037354, 0.6118064522743225, 0.6905182600021362, 0.676284909248352, 0.5288504362106323, 0.40771013498306274, 0.5861632823944092, 0.6180489659309387, 1.000000238418579, 0.45545321702957153, 0.660645067691803, 0.579177737236023, 0.4353647828102112, 0.5873367190361023, 0.50727379322052, 0.46773362159729004, 0.47976863384246826, 0.6053459644317627, 0.48151618242263794, 0.4547889232635498, 0.582755982875824, 0.6456365585327148], [0.4565366804599762, 0.5709056854248047, 0.3479148745536804, 0.5063349008560181, 0.36959385871887207, 0.4155416190624237, 0.3754490315914154, 0.4493921995162964, 0.33541715145111084, 0.3829796314239502, 0.4393824338912964, 0.3800894618034363, 0.388296902179718, 0.328570693731308, 0.3390215039253235, 0.4144032597541809, 0.31784558296203613, 0.41050586104393005, 0.45545321702957153, 1.0000001192092896, 0.27728384733200073, 0.28313374519348145, 0.3606456518173218, 0.3086732029914856, 0.3700980544090271, 0.40791428089141846, 0.36238566040992737, 0.4269566535949707, 0.27470794320106506, 0.3364819586277008, 0.5342879891395569, 0.35958796739578247], [0.29361093044281006, 0.40805619955062866, 0.4274270534515381, 0.40344011783599854, 0.40695852041244507, 0.49203425645828247, 0.5737005472183228, 0.23153799772262573, 0.38144809007644653, 0.39428552985191345, 0.5680464506149292, 0.4400392770767212, 0.467862069606781, 0.41905540227890015, 0.43360793590545654, 0.3997670114040375, 0.37326908111572266, 0.37904977798461914, 0.660645067691803, 0.27728384733200073, 1.0000001192092896, 0.5172250270843506, 0.3649093210697174, 0.5636648535728455, 0.3369126319885254, 0.2892422080039978, 0.3464635908603668, 0.39839065074920654, 0.30602478981018066, 0.3854832947254181, 0.37686842679977417, 0.4738162159919739], [0.3488231897354126, 0.5945743322372437, 0.565273106098175, 0.5363558530807495, 0.5034176707267761, 0.5332045555114746, 0.4704228639602661, 0.29498156905174255, 0.49670448899269104, 0.5278067588806152, 0.5944540500640869, 0.5865112543106079, 0.6101520657539368, 0.5123120546340942, 0.451252281665802, 0.45619145035743713, 0.4654088020324707, 0.5670323967933655, 0.579177737236023, 0.28313374519348145, 0.5172250270843506, 1.0, 0.4306145906448364, 0.6349169015884399, 0.5381871461868286, 0.4324721097946167, 0.5022462010383606, 0.5523890256881714, 0.6144132614135742, 0.5483627915382385, 0.5470810532569885, 0.6038218140602112], [0.3727864623069763, 0.5827258229255676, 0.5398396849632263, 0.4619419574737549, 0.5003354549407959, 0.4910062551498413, 0.43915027379989624, 0.377935528755188, 0.3455081880092621, 0.4388245940208435, 0.4584771990776062, 0.5282715559005737, 0.5228719115257263, 0.4417133927345276, 0.3269856870174408, 0.44598573446273804, 0.3658674359321594, 0.448272705078125, 0.4353647828102112, 0.3606456518173218, 0.3649093210697174, 0.4306145906448364, 0.9999998807907104, 0.3541891574859619, 0.45119693875312805, 0.556776225566864, 0.5099811553955078, 0.43592989444732666, 0.4852917790412903, 0.4158123731613159, 0.5165706276893616, 0.5164604187011719], [0.3044232428073883, 0.5514810085296631, 0.5318033695220947, 0.5127211213111877, 0.3777187168598175, 0.43442100286483765, 0.4420125186443329, 0.2669941186904907, 0.4064154624938965, 0.37183332443237305, 0.5661919116973877, 0.4631538391113281, 0.5715051889419556, 0.468221515417099, 0.4230177700519562, 0.322809100151062, 0.3929367661476135, 0.5237209796905518, 0.5873367190361023, 0.3086732029914856, 0.5636648535728455, 0.6349169015884399, 0.3541891574859619, 1.0000001192092896, 0.567395806312561, 0.5046868324279785, 0.4586363434791565, 0.558419406414032, 0.49600306153297424, 0.4902608096599579, 0.5556996464729309, 0.5735037922859192], [0.41217222809791565, 0.7100305557250977, 0.6521023511886597, 0.7196363210678101, 0.522068440914154, 0.46484988927841187, 0.47177964448928833, 0.3682791590690613, 0.5200731754302979, 0.5013256072998047, 0.5990055799484253, 0.5484187602996826, 0.7202128171920776, 0.4885551333427429, 0.5343488454818726, 0.426085501909256, 0.5784732103347778, 0.7085855007171631, 0.50727379322052, 0.3700980544090271, 0.3369126319885254, 0.5381871461868286, 0.45119693875312805, 0.567395806312561, 0.9999998807907104, 0.5784160494804382, 0.6652199029922485, 0.6534753441810608, 0.6455832719802856, 0.528557538986206, 0.745268702507019, 0.7001890540122986], [0.4185584485530853, 0.6031093597412109, 0.5398494005203247, 0.5242644548416138, 0.4199037551879883, 0.47034910321235657, 0.4325166940689087, 0.47810620069503784, 0.4724765121936798, 0.4632716178894043, 0.5184608697891235, 0.5170960426330566, 0.5267547965049744, 0.49063968658447266, 0.3822988271713257, 0.3811471462249756, 0.463223934173584, 0.5612263679504395, 0.46773362159729004, 0.40791428089141846, 0.2892422080039978, 0.4324721097946167, 0.556776225566864, 0.5046868324279785, 0.5784160494804382, 1.0000001192092896, 0.5933615565299988, 0.5326878428459167, 0.5381745100021362, 0.4618363380432129, 0.6398128271102905, 0.5846623182296753], [0.4287305474281311, 0.6661562919616699, 0.6626207232475281, 0.5925121307373047, 0.5718021392822266, 0.47660836577415466, 0.4404296278953552, 0.348535418510437, 0.4471285343170166, 0.523378849029541, 0.5942738056182861, 0.5472384095191956, 0.6164055466651917, 0.4630865454673767, 0.388663649559021, 0.5059047937393188, 0.5040234327316284, 0.5752795934677124, 0.47976863384246826, 0.36238566040992737, 0.3464635908603668, 0.5022462010383606, 0.5099811553955078, 0.4586363434791565, 0.6652199029922485, 0.5933615565299988, 0.9999998807907104, 0.5644018054008484, 0.6404069066047668, 0.5770118236541748, 0.6629892587661743, 0.5884971618652344], [0.45704400539398193, 0.7127232551574707, 0.5986080765724182, 0.702633798122406, 0.49722927808761597, 0.5873090624809265, 0.5559121370315552, 0.4145348370075226, 0.6196002960205078, 0.5566474199295044, 0.6170064210891724, 0.5897890329360962, 0.6819446086883545, 0.5620869398117065, 0.5525092482566833, 0.4412837028503418, 0.6054273843765259, 0.7218701839447021, 0.6053459644317627, 0.4269566535949707, 0.39839065074920654, 0.5523890256881714, 0.43592989444732666, 0.558419406414032, 0.6534753441810608, 0.5326878428459167, 0.5644018054008484, 0.9999997615814209, 0.6014909744262695, 0.5336388945579529, 0.7086129188537598, 0.7921650409698486], [0.39540210366249084, 0.6440945267677307, 0.6127561926841736, 0.5984228849411011, 0.5692145228385925, 0.44021859765052795, 0.4708332419395447, 0.31347140669822693, 0.44216838479042053, 0.47955837845802307, 0.5686985850334167, 0.5279117822647095, 0.6055654287338257, 0.4444495439529419, 0.40839555859565735, 0.4922609329223633, 0.5075163245201111, 0.5501964092254639, 0.48151618242263794, 0.27470794320106506, 0.30602478981018066, 0.6144132614135742, 0.4852917790412903, 0.49600306153297424, 0.6455832719802856, 0.5381745100021362, 0.6404069066047668, 0.6014909744262695, 1.0, 0.4925955533981323, 0.6349447965621948, 0.6255099773406982], [0.2893173396587372, 0.577751874923706, 0.4864078462123871, 0.5564761757850647, 0.47229111194610596, 0.4890623390674591, 0.42121946811676025, 0.37481051683425903, 0.4249023199081421, 0.4978582262992859, 0.4728056490421295, 0.5231318473815918, 0.5352306962013245, 0.48577532172203064, 0.3922160267829895, 0.4291563928127289, 0.4370148777961731, 0.4804344177246094, 0.4547889232635498, 0.3364819586277008, 0.3854832947254181, 0.5483627915382385, 0.4158123731613159, 0.4902608096599579, 0.528557538986206, 0.4618363380432129, 0.5770118236541748, 0.5336388945579529, 0.4925955533981323, 0.9999998807907104, 0.5216792821884155, 0.538948118686676], [0.5388376116752625, 0.777316153049469, 0.6851269006729126, 0.7719932198524475, 0.5424732565879822, 0.5202690362930298, 0.5835139155387878, 0.4728902578353882, 0.4955909252166748, 0.5326293706893921, 0.6941115260124207, 0.5869617462158203, 0.6995996832847595, 0.5307173728942871, 0.526279091835022, 0.4693070352077484, 0.586387038230896, 0.7901870608329773, 0.582755982875824, 0.5342879891395569, 0.37686842679977417, 0.5470810532569885, 0.5165706276893616, 0.5556996464729309, 0.745268702507019, 0.6398128271102905, 0.6629892587661743, 0.7086129188537598, 0.6349447965621948, 0.5216792821884155, 1.0000001192092896, 0.6892296671867371], [0.4101284146308899, 0.709658682346344, 0.6723806858062744, 0.6881603002548218, 0.5412635803222656, 0.5875393152236938, 0.6292926073074341, 0.3225795328617096, 0.5704804062843323, 0.565997302532196, 0.7092281579971313, 0.6299046277999878, 0.7586467266082764, 0.5642104148864746, 0.5885618925094604, 0.43732452392578125, 0.6501114368438721, 0.7630354166030884, 0.6456365585327148, 0.35958796739578247, 0.4738162159919739, 0.6038218140602112, 0.5164604187011719, 0.5735037922859192, 0.7001890540122986, 0.5846623182296753, 0.5884971618652344, 0.7921650409698486, 0.6255099773406982, 0.538948118686676, 0.6892296671867371, 1.0]]