[[0.9999999403953552, 0.6649988889694214, 0.5774528384208679, 0.6396867036819458, 0.5944398641586304, 0.4779817759990692, 0.34891822934150696, 0.4332011640071869, 0.5170196294784546, 0.5968773365020752, 0.5916436314582825, 0.6811527609825134, 0.4821622967720032, 0.43845134973526, 0.5796284675598145, 0.49269014596939087, 0.5032836198806763, 0.5473583936691284, 0.5862720608711243, 0.40680500864982605, 0.48325908184051514, 0.5636287927627563, 0.4951417148113251, 0.39779481291770935, 0.5267459154129028, 0.5116127729415894, 0.42933395504951477, 0.5217612981796265, 0.40735602378845215, 0.46011096239089966, 0.6957388520240784, 0.6014009714126587], [0.6649988889694214, 1.0000001192092896, 0.3599684536457062, 0.5341708660125732, 0.5101243257522583, 0.4774986803531647, 0.45953452587127686, 0.4006271958351135, 0.5339499115943909, 0.6059170961380005, 0.6615506410598755, 0.6668249368667603, 0.5107702016830444, 0.47016504406929016, 0.41960644721984863, 0.4561223089694977, 0.6002147197723389, 0.44370436668395996, 0.3592173457145691, 0.4274270534515381, 0.5059987306594849, 0.5398396849632263, 0.5224924087524414, 0.46524494886398315, 0.5398494005203247, 0.6270231604576111, 0.3068838119506836, 0.6405361890792847, 0.581671953201294, 0.42480969429016113, 0.7050466537475586, 0.6204317808151245], [0.5774528384208679, 0.3599684536457062, 0.9999997615814209, 0.44455304741859436, 0.539392352104187, 0.43151625990867615, 0.18083229660987854, 0.4320363402366638, 0.42784297466278076, 0.4617029130458832, 0.4297068417072296, 0.4907127916812897, 0.35329124331474304, 0.333088219165802, 0.41777461767196655, 0.5711342692375183, 0.3089083433151245, 0.4756740629673004, 0.34568047523498535, 0.359628289937973, 0.40175098180770874, 0.3008383512496948, 0.3694753646850586, 0.36278605461120605, 0.3393245339393616, 0.33711254596710205, 0.2714344561100006, 0.3310684561729431, 0.1928614377975464, 0.40652382373809814, 0.475271612405777, 0.48826903104782104], [0.6396867036819458, 0.5341708660125732, 0.44455304741859436, 1.0, 0.5224016308784485, 0.45642438530921936, 0.2972875237464905, 0.43904855847358704, 0.4948025643825531, 0.5247162580490112, 0.5435581803321838, 0.6463766694068909, 0.40283092856407166, 0.3608698844909668, 0.9113094806671143, 0.504817008972168, 0.350986510515213, 0.40483736991882324, 0.36799970269203186, 0.40695852041244507, 0.4832119941711426, 0.5003354549407959, 0.369049996137619, 0.34448695182800293, 0.4199037551879883, 0.418550044298172, 0.21162201464176178, 0.47752273082733154, 0.3077593445777893, 0.44410985708236694, 0.5344846248626709, 0.5026602745056152], [0.5944398641586304, 0.5101243257522583, 0.539392352104187, 0.5224016308784485, 1.0, 0.5187392830848694, 0.40366584062576294, 0.5738778710365295, 0.645452618598938, 0.632961630821228, 0.5865789651870728, 0.71883225440979, 0.48288556933403015, 0.5071150064468384, 0.4998299777507782, 0.6399057507514954, 0.4459180533885956, 0.5694165229797363, 0.3670092821121216, 0.4878351092338562, 0.49113762378692627, 0.4614522457122803, 0.4488789141178131, 0.2950417399406433, 0.45670509338378906, 0.36223775148391724, 0.3476865291595459, 0.3967726528644562, 0.43064090609550476, 0.4309585392475128, 0.4961235523223877, 0.5425241589546204], [0.4779817759990692, 0.4774986803531647, 0.43151625990867615, 0.45642438530921936, 0.5187392830848694, 1.0000004768371582, 0.39536094665527344, 0.5138246417045593, 0.5612694025039673, 0.4735667109489441, 0.5471599102020264, 0.4903779625892639, 0.5012896656990051, 0.4073495864868164, 0.4751741290092468, 0.5956218838691711, 0.4707002639770508, 0.5599283576011658, 0.38036394119262695, 0.49595895409584045, 0.3818565607070923, 0.4321381449699402, 0.37183666229248047, 0.28352731466293335, 0.41016608476638794, 0.28617411851882935, 0.30447229743003845, 0.3180813193321228, 0.3351019024848938, 0.3992597758769989, 0.5203353762626648, 0.5161530375480652], [0.34891822934150696, 0.45953452587127686, 0.18083229660987854, 0.2972875237464905, 0.40366584062576294, 0.39536094665527344, 1.000000238418579, 0.30132240056991577, 0.49604833126068115, 0.41534534096717834, 0.5537155270576477, 0.4812465310096741, 0.4702190160751343, 0.40207213163375854, 0.30180901288986206, 0.29278814792633057, 0.4077819287776947, 0.397361695766449, 0.3365993797779083, 0.2711665630340576, 0.3475106954574585, 0.39712217450141907, 0.3165128827095032, 0.26664116978645325, 0.5070799589157104, 0.37157514691352844, 0.3237084746360779, 0.3671730160713196, 0.6145681738853455, 0.28893688321113586, 0.4766070246696472, 0.37775805592536926], [0.4332011640071869, 0.4006271958351135, 0.4320363402366638, 0.43904855847358704, 0.5738778710365295, 0.5138246417045593, 0.30132240056991577, 1.000000238418579, 0.513146162033081, 0.4171147048473358, 0.5619885921478271, 0.46059489250183105, 0.4992985129356384, 0.41765284538269043, 0.44722503423690796, 0.6111882328987122, 0.4061218202114105, 0.45969560742378235, 0.2788647413253784, 0.32852816581726074, 0.4116787016391754, 0.27501577138900757, 0.34045371413230896, 0.2404373437166214, 0.414483904838562, 0.19092220067977905, 0.3305922746658325, 0.2756575345993042, 0.2951979637145996, 0.32703033089637756, 0.390503853559494, 0.4492260813713074], [0.5170196294784546, 0.5339499115943909, 0.42784297466278076, 0.4948025643825531, 0.645452618598938, 0.5612694025039673, 0.49604833126068115, 0.513146162033081, 1.0, 0.5912766456604004, 0.5970123410224915, 0.6545702219009399, 0.5853818655014038, 0.5119210481643677, 0.48244723677635193, 0.6085343360900879, 0.48290950059890747, 0.6275654435157776, 0.36879241466522217, 0.39428552985191345, 0.47371429204940796, 0.4388245940208435, 0.3901156783103943, 0.3812733590602875, 0.4632716178894043, 0.3835229277610779, 0.29831749200820923, 0.3775833249092102, 0.4283415377140045, 0.49735623598098755, 0.5030032396316528, 0.5456283688545227], [0.5968773365020752, 0.6059170961380005, 0.4617029130458832, 0.5247162580490112, 0.632961630821228, 0.4735667109489441, 0.41534534096717834, 0.4171147048473358, 0.5912766456604004, 1.0, 0.5707523226737976, 0.6967421770095825, 0.4957927167415619, 0.5236104726791382, 0.47646406292915344, 0.6088335514068604, 0.6031808257102966, 0.6458272933959961, 0.34538891911506653, 0.5007250308990479, 0.5280796885490417, 0.4573728144168854, 0.5004265308380127, 0.5298629999160767, 0.5023285746574402, 0.5535452961921692, 0.36436784267425537, 0.47335273027420044, 0.3735630214214325, 0.4427015781402588, 0.6917958855628967, 0.6332041621208191], [0.5916436314582825, 0.6615506410598755, 0.4297068417072296, 0.5435581803321838, 0.5865789651870728, 0.5471599102020264, 0.5537155270576477, 0.5619885921478271, 0.5970123410224915, 0.5707523226737976, 0.9999997615814209, 0.7059803009033203, 0.6026774644851685, 0.4166804552078247, 0.4919489026069641, 0.5060663223266602, 0.4843735694885254, 0.5484937429428101, 0.3540067672729492, 0.3885035514831543, 0.5403892993927002, 0.5582311749458313, 0.436370313167572, 0.37382829189300537, 0.5218977928161621, 0.4866459369659424, 0.3475620150566101, 0.4860365390777588, 0.46084147691726685, 0.4872407019138336, 0.5777888298034668, 0.5656635761260986], [0.6811527609825134, 0.6668249368667603, 0.4907127916812897, 0.6463766694068909, 0.71883225440979, 0.4903779625892639, 0.4812465310096741, 0.46059489250183105, 0.6545702219009399, 0.6967421770095825, 0.7059803009033203, 0.9999997615814209, 0.5898231863975525, 0.4641597270965576, 0.5410521626472473, 0.5873445868492126, 0.4702737331390381, 0.6085195541381836, 0.3414038419723511, 0.4208989143371582, 0.5600795745849609, 0.5516965389251709, 0.5434770584106445, 0.5721263885498047, 0.5314779281616211, 0.5930335521697998, 0.27724891901016235, 0.5562642812728882, 0.3978230953216553, 0.4934316873550415, 0.65122389793396, 0.671868622303009], [0.4821622967720032, 0.5107702016830444, 0.35329124331474304, 0.40283092856407166, 0.48288556933403015, 0.5012896656990051, 0.4702190160751343, 0.4992985129356384, 0.5853818655014038, 0.4957927167415619, 0.6026774644851685, 0.5898231863975525, 0.9999997615814209, 0.40792566537857056, 0.4327932596206665, 0.45853573083877563, 0.4890243411064148, 0.5904579162597656, 0.3054116368293762, 0.3927493691444397, 0.437202513217926, 0.40507254004478455, 0.43684685230255127, 0.3145690858364105, 0.46843576431274414, 0.3575608730316162, 0.30118605494499207, 0.35899385809898376, 0.39490604400634766, 0.4414446949958801, 0.5000971555709839, 0.485519140958786], [0.43845134973526, 0.47016504406929016, 0.333088219165802, 0.3608698844909668, 0.5071150064468384, 0.4073495864868164, 0.40207213163375854, 0.41765284538269043, 0.5119210481643677, 0.5236104726791382, 0.4166804552078247, 0.4641597270965576, 0.40792566537857056, 0.9999998807907104, 0.3240872919559479, 0.46876877546310425, 0.4766908288002014, 0.39264267683029175, 0.31939786672592163, 0.40815913677215576, 0.37892118096351624, 0.29506611824035645, 0.3132263422012329, 0.33858293294906616, 0.3261285126209259, 0.2422323077917099, 0.3399921953678131, 0.3074861466884613, 0.5153540968894958, 0.2798093855381012, 0.47178757190704346, 0.4892804026603699], [0.5796284675598145, 0.41960644721984863, 0.41777461767196655, 0.9113094806671143, 0.4998299777507782, 0.4751741290092468, 0.30180901288986206, 0.44722503423690796, 0.48244723677635193, 0.47646406292915344, 0.4919489026069641, 0.5410521626472473, 0.4327932596206665, 0.3240872919559479, 0.9999998211860657, 0.4759085178375244, 0.32247912883758545, 0.3965296149253845, 0.41243356466293335, 0.3997670114040375, 0.4320189654827118, 0.44598573446273804, 0.31009596586227417, 0.254111111164093, 0.3811471462249756, 0.3376724123954773, 0.20065174996852875, 0.40041428804397583, 0.2871652841567993, 0.429969847202301, 0.4626420736312866, 0.41158202290534973], [0.49269014596939087, 0.4561223089694977, 0.5711342692375183, 0.504817008972168, 0.6399057507514954, 0.5956218838691711, 0.29278814792633057, 0.6111882328987122, 0.6085343360900879, 0.6088335514068604, 0.5060663223266602, 0.5873445868492126, 0.45853573083877563, 0.46876877546310425, 0.4759085178375244, 1.0000001192092896, 0.5637222528457642, 0.5653337836265564, 0.28554442524909973, 0.3719862699508667, 0.4222918748855591, 0.31770870089530945, 0.3658522963523865, 0.40579500794410706, 0.3794621527194977, 0.3666976988315582, 0.36394384503364563, 0.2902785539627075, 0.2717064321041107, 0.4007807970046997, 0.506203293800354, 0.5844204425811768], [0.5032836198806763, 0.6002147197723389, 0.3089083433151245, 0.350986510515213, 0.4459180533885956, 0.4707002639770508, 0.4077819287776947, 0.4061218202114105, 0.48290950059890747, 0.6031808257102966, 0.4843735694885254, 0.4702737331390381, 0.4890243411064148, 0.4766908288002014, 0.32247912883758545, 0.5637222528457642, 0.9999998807907104, 0.4610013961791992, 0.4192003905773163, 0.3087136149406433, 0.4259076714515686, 0.38215935230255127, 0.39135098457336426, 0.45186689496040344, 0.5123227834701538, 0.4493948817253113, 0.4776589274406433, 0.34858909249305725, 0.46663612127304077, 0.29903674125671387, 0.710995078086853, 0.5929977297782898], [0.5473583936691284, 0.44370436668395996, 0.4756740629673004, 0.40483736991882324, 0.5694165229797363, 0.5599283576011658, 0.397361695766449, 0.45969560742378235, 0.6275654435157776, 0.6458272933959961, 0.5484937429428101, 0.6085195541381836, 0.5904579162597656, 0.39264267683029175, 0.3965296149253845, 0.5653337836265564, 0.4610013961791992, 0.9999997615814209, 0.3902551829814911, 0.5925016403198242, 0.5158305168151855, 0.4222223162651062, 0.5200574398040771, 0.35976681113243103, 0.4426668882369995, 0.3792871832847595, 0.33878323435783386, 0.32530683279037476, 0.25148236751556396, 0.4325109124183655, 0.5205814838409424, 0.5499880313873291], [0.5862720608711243, 0.3592173457145691, 0.34568047523498535, 0.36799970269203186, 0.3670092821121216, 0.38036394119262695, 0.3365993797779083, 0.2788647413253784, 0.36879241466522217, 0.34538891911506653, 0.3540067672729492, 0.3414038419723511, 0.3054116368293762, 0.31939786672592163, 0.41243356466293335, 0.28554442524909973, 0.4192003905773163, 0.3902551829814911, 0.9999997019767761, 0.26675835251808167, 0.2605207562446594, 0.3603709638118744, 0.32101571559906006, 0.18198776245117188, 0.4023236632347107, 0.2300383448600769, 0.3487229347229004, 0.2054816633462906, 0.3191452622413635, 0.26123085618019104, 0.5047531723976135, 0.30578991770744324], [0.40680500864982605, 0.4274270534515381, 0.359628289937973, 0.40695852041244507, 0.4878351092338562, 0.49595895409584045, 0.2711665630340576, 0.32852816581726074, 0.39428552985191345, 0.5007250308990479, 0.3885035514831543, 0.4208989143371582, 0.3927493691444397, 0.40815913677215576, 0.3997670114040375, 0.3719862699508667, 0.3087136149406433, 0.5925016403198242, 0.26675835251808167, 1.0000001192092896, 0.48143237829208374, 0.3649093210697174, 0.5453881025314331, 0.22430774569511414, 0.2892422080039978, 0.26670241355895996, 0.22017917037010193, 0.2867077589035034, 0.29458269476890564, 0.37179645895957947, 0.3885997533798218, 0.45884594321250916], [0.48325908184051514, 0.5059987306594849, 0.40175098180770874, 0.4832119941711426, 0.49113762378692627, 0.3818565607070923, 0.3475106954574585, 0.4116787016391754, 0.47371429204940796, 0.5280796885490417, 0.5403892993927002, 0.5600795745849609, 0.437202513217926, 0.37892118096351624, 0.4320189654827118, 0.4222918748855591, 0.4259076714515686, 0.5158305168151855, 0.2605207562446594, 0.48143237829208374, 1.0, 0.37988075613975525, 0.6438356637954712, 0.36631664633750916, 0.3561111092567444, 0.3722022771835327, 0.3114548325538635, 0.47599083185195923, 0.3286123275756836, 0.46288520097732544, 0.480152428150177, 0.5440641045570374], [0.5636287927627563, 0.5398396849632263, 0.3008383512496948, 0.5003354549407959, 0.4614522457122803, 0.4321381449699402, 0.39712217450141907, 0.27501577138900757, 0.4388245940208435, 0.4573728144168854, 0.5582311749458313, 0.5516965389251709, 0.40507254004478455, 0.29506611824035645, 0.44598573446273804, 0.31770870089530945, 0.38215935230255127, 0.4222223162651062, 0.3603709638118744, 0.3649093210697174, 0.37988075613975525, 0.9999998807907104, 0.3623424172401428, 0.2801489531993866, 0.556776225566864, 0.45631518959999084, 0.23939377069473267, 0.4547986686229706, 0.29087328910827637, 0.37988555431365967, 0.5039777159690857, 0.4875654876232147], [0.4951417148113251, 0.5224924087524414, 0.3694753646850586, 0.369049996137619, 0.4488789141178131, 0.37183666229248047, 0.3165128827095032, 0.34045371413230896, 0.3901156783103943, 0.5004265308380127, 0.436370313167572, 0.5434770584106445, 0.43684685230255127, 0.3132263422012329, 0.31009596586227417, 0.3658522963523865, 0.39135098457336426, 0.5200574398040771, 0.32101571559906006, 0.5453881025314331, 0.6438356637954712, 0.3623424172401428, 1.000000238418579, 0.40360337495803833, 0.4965527653694153, 0.43123859167099, 0.30178511142730713, 0.4121164381504059, 0.2769659757614136, 0.47948092222213745, 0.5248324871063232, 0.5765786170959473], [0.39779481291770935, 0.46524494886398315, 0.36278605461120605, 0.34448695182800293, 0.2950417399406433, 0.28352731466293335, 0.26664116978645325, 0.2404373437166214, 0.3812733590602875, 0.5298629999160767, 0.37382829189300537, 0.5721263885498047, 0.3145690858364105, 0.33858293294906616, 0.254111111164093, 0.40579500794410706, 0.45186689496040344, 0.35976681113243103, 0.18198776245117188, 0.22430774569511414, 0.36631664633750916, 0.2801489531993866, 0.40360337495803833, 0.9999998807907104, 0.37386447191238403, 0.5482348799705505, 0.1990756243467331, 0.3685499429702759, 0.17930850386619568, 0.3327011168003082, 0.5725714564323425, 0.45947444438934326], [0.5267459154129028, 0.5398494005203247, 0.3393245339393616, 0.4199037551879883, 0.45670509338378906, 0.41016608476638794, 0.5070799589157104, 0.414483904838562, 0.4632716178894043, 0.5023285746574402, 0.5218977928161621, 0.5314779281616211, 0.46843576431274414, 0.3261285126209259, 0.3811471462249756, 0.3794621527194977, 0.5123227834701538, 0.4426668882369995, 0.4023236632347107, 0.2892422080039978, 0.3561111092567444, 0.556776225566864, 0.4965527653694153, 0.37386447191238403, 1.0000001192092896, 0.5266956686973572, 0.3692976236343384, 0.49145030975341797, 0.35144853591918945, 0.43907642364501953, 0.6435571312904358, 0.5540053844451904], [0.5116127729415894, 0.6270231604576111, 0.33711254596710205, 0.418550044298172, 0.36223775148391724, 0.28617411851882935, 0.37157514691352844, 0.19092220067977905, 0.3835229277610779, 0.5535452961921692, 0.4866459369659424, 0.5930335521697998, 0.3575608730316162, 0.2422323077917099, 0.3376724123954773, 0.3666976988315582, 0.4493948817253113, 0.3792871832847595, 0.2300383448600769, 0.26670241355895996, 0.3722022771835327, 0.45631518959999084, 0.43123859167099, 0.5482348799705505, 0.5266956686973572, 1.0000001192092896, 0.24894282221794128, 0.6314288377761841, 0.32921847701072693, 0.4543190002441406, 0.6585363149642944, 0.4750620722770691], [0.42933395504951477, 0.3068838119506836, 0.2714344561100006, 0.21162201464176178, 0.3476865291595459, 0.30447229743003845, 0.3237084746360779, 0.3305922746658325, 0.29831749200820923, 0.36436784267425537, 0.3475620150566101, 0.27724891901016235, 0.30118605494499207, 0.3399921953678131, 0.20065174996852875, 0.36394384503364563, 0.4776589274406433, 0.33878323435783386, 0.3487229347229004, 0.22017917037010193, 0.3114548325538635, 0.23939377069473267, 0.30178511142730713, 0.1990756243467331, 0.3692976236343384, 0.24894282221794128, 1.0000001192092896, 0.27391141653060913, 0.27855825424194336, 0.24245606362819672, 0.46510201692581177, 0.5461981892585754], [0.5217612981796265, 0.6405361890792847, 0.3310684561729431, 0.47752273082733154, 0.3967726528644562, 0.3180813193321228, 0.3671730160713196, 0.2756575345993042, 0.3775833249092102, 0.47335273027420044, 0.4860365390777588, 0.5562642812728882, 0.35899385809898376, 0.3074861466884613, 0.40041428804397583, 0.2902785539627075, 0.34858909249305725, 0.32530683279037476, 0.2054816633462906, 0.2867077589035034, 0.47599083185195923, 0.4547986686229706, 0.4121164381504059, 0.3685499429702759, 0.49145030975341797, 0.6314288377761841, 0.27391141653060913, 1.000000238418579, 0.3678121566772461, 0.350383460521698, 0.5496476888656616, 0.5035257339477539], [0.40735602378845215, 0.581671953201294, 0.1928614377975464, 0.3077593445777893, 0.43064090609550476, 0.3351019024848938, 0.6145681738853455, 0.2951979637145996, 0.4283415377140045, 0.3735630214214325, 0.46084147691726685, 0.3978230953216553, 0.39490604400634766, 0.5153540968894958, 0.2871652841567993, 0.2717064321041107, 0.46663612127304077, 0.25148236751556396, 0.3191452622413635, 0.29458269476890564, 0.3286123275756836, 0.29087328910827637, 0.2769659757614136, 0.17930850386619568, 0.35144853591918945, 0.32921847701072693, 0.27855825424194336, 0.3678121566772461, 1.0000001192092896, 0.24422785639762878, 0.44849130511283875, 0.3567270040512085], [0.46011096239089966, 0.42480969429016113, 0.40652382373809814, 0.44410985708236694, 0.4309585392475128, 0.3992597758769989, 0.28893688321113586, 0.32703033089637756, 0.49735623598098755, 0.4427015781402588, 0.4872407019138336, 0.4934316873550415, 0.4414446949958801, 0.2798093855381012, 0.429969847202301, 0.4007807970046997, 0.29903674125671387, 0.4325109124183655, 0.26123085618019104, 0.37179645895957947, 0.46288520097732544, 0.37988555431365967, 0.47948092222213745, 0.3327011168003082, 0.43907642364501953, 0.4543190002441406, 0.24245606362819672, 0.350383460521698, 0.24422785639762878, 1.0000001192092896, 0.42235472798347473, 0.4681847095489502], [0.6957388520240784, 0.7050466537475586, 0.475271612405777, 0.5344846248626709, 0.4961235523223877, 0.5203353762626648, 0.4766070246696472, 0.390503853559494, 0.5030032396316528, 0.6917958855628967, 0.5777888298034668, 0.65122389793396, 0.5000971555709839, 0.47178757190704346, 0.4626420736312866, 0.506203293800354, 0.710995078086853, 0.5205814838409424, 0.5047531723976135, 0.3885997533798218, 0.480152428150177, 0.5039777159690857, 0.5248324871063232, 0.5725714564323425, 0.6435571312904358, 0.6585363149642944, 0.46510201692581177, 0.5496476888656616, 0.44849130511283875, 0.42235472798347473, 1.0000001192092896, 0.6518175601959229], [0.6014009714126587, 0.6204317808151245, 0.48826903104782104, 0.5026602745056152, 0.5425241589546204, 0.5161530375480652, 0.37775805592536926, 0.4492260813713074, 0.5456283688545227, 0.6332041621208191, 0.5656635761260986, 0.671868622303009, 0.485519140958786, 0.4892804026603699, 0.41158202290534973, 0.5844204425811768, 0.5929977297782898, 0.5499880313873291, 0.30578991770744324, 0.45884594321250916, 0.5440641045570374, 0.4875654876232147, 0.5765786170959473, 0.45947444438934326, 0.5540053844451904, 0.4750620722770691, 0.5461981892585754, 0.5035257339477539, 0.3567270040512085, 0.4681847095489502, 0.6518175601959229, 1.0000003576278687]]